702297561
2069397290
2103531177
1598406176
584053826
898129895
102968399
978318551
1252190481
2131261538
1439211996
1492129742
1540100767
153081143
1608684318
250983313
1926169735
831009780
2019220636
1523076820
609265271
2147244836
317587850
1993578531
57452576
1421931948
558729877
2085210530
1910822933
1974557330
504757189
829078225
2069388978
1201472442
979751180
384236081
447272282
1776907680
183850821
1767677629
1797672602
1112379151
2136590965
1397684332
913195886
1120443514
588199333
1191958517
1197405734
1444759079
418919492
764401030
1181239929
92771626
1260811484
528260374
650200492
1611307050
233930796
859451838
448720672
291033324
1716425419
1433663831
1855195889
1824185671
1362413953
250800824
333065034
1972503562
1529181626
773319826
2054798138
777478078
1092771665
87776619
399535464
353675326
517486405
1378826147
1521007396
1878630365
1579907983
1292546903
1332794170
354180150
1204417244
1344789554
2008436013
155198465
763518785
98436986
2116721363
242218405
2089399491
1630697408
1090670963
312718430
13525923
2102189111
79684189
357307898
1371208271
173644425
1859975973
2142832907
383492016
74866729
541648084
276243639
470400947
2017069971
1311543725
1604300708
474253677
228940950
829779897
2070002944
2054609837
754357250
620707198
1639924863
1548515842
194469114
1190876030
218029770
207250653
1369599107
1883947545
1380649538
1218130794
1418374102
694226472
2121764562
1332154516
1501282409
1329127607
1474064726
775059028
93922767
1566238042
1438712645
1906435702
1780411087
834269347
1530544010
866016879
1884725430
941953758
847644091
627329051
435034831
847709233
1641987802
1102486345
569096460
1777241170
1681839588
1622812594
942861490
33075949
288270650
1339601780
1142703392
1420577925
563712800
1128422460
1767063205
1521900368
1579118027
767643538
89551309
1486084801
951256535
1988251093
780343370
2092589115
1580264157
677581460
334473603
904665591
1487899707
1000323142
314434873
30511086
1650970290
24888364
878304030
1755590555
1711337697
1758068150
921994068
298681402
1661829072
826509907
2080473777
1675136918
1869286474
1766291265
1393999471
1462920501
1735111778
827629153
934148938
1621422253
1499546962
1492737227
2015413171
1076824480
1005567735
1403212309
1225596247
381557305
482168608
569983315
2100486094
906099149
1004998045
1757239429
1129054767
278340099
76473849
106216612
753302460
1061510062
1938188062
2132483804
560198128
1987169983
1790428975
1029549852
1273087187
1653491818
280172781
1619365990
882312608
1236298078
879342330
451319791
1791933779
1322286475
1929086722
1908205879
6218836
771183927
2097738228
2102508056
1583717274
1885652406
1604216231
1205418629
403453646
1642941647
2020055700
783697900
866148055
1419630200
1209553933
1801059191
1311373765
1801002662
203402705
898072814
1564563655
1553709715
528061720
1417048321
510114763
931281770
2092897491
1023252837
1691032791
1249915365
1546404538
1506533143
1740378260
1652380776
513512535
1052665548
1131466181
203274688
1419874013
1773098305
140515335
263630617
100199725
579545120
1347756941
594424417
1505588129
2008973416
1113121868
1623175216
395025399
1233671342
251116615
421810129
1112972144
826030942
587124454
975926913
1149893899
1332422603
1386634034
402339426
816269369
295804790
121137511
168176544
1309082659
28681137
2000527906
156814478
2053543889
952243776
20032349
821229074
1714960958
474743142
1525518863
346058224
337293883
1761568035
450579345
316946047
2112311000
571799383
65321062
55297185
1914123627
1732303744
1031067548
456650534
224476256
702540839
1693212522
729653283
535990458
964539275
204544383
1378738830
1708444308
339218121
1202938058
1109240493
1221851422
576542213
1147842498
1064639553
398138401
1371039968
515332655
1264246662
922562017
1883736213
1845586240
1931097074
1081208763
2103596056
1690303590
894213816
988441711
11116115
47905440
796242287
1255886722
2026129111
795410035
1925590095
1312469088
1921223118
755367982
63014207
1631360104
615100539
626517680
1285903091
2090185713
665792421
1525150600
1736216507
11658744
2142542113
417750200
2083111802
1704924036
366252149
449890652
778219039
95861155
1789258881
739446735
1095673058
465665489
781013173
155996196
1459993283
893011838
421053305
1252355588
1386846646
296024315
1789447368
754263450
979852179
1284732173
349086537
1361998133
416369114
893582223
1283344205
808070493
1889230696
1290099090
1945994643
2045093826
997736762
1575839556
1733547919
1694031866
412993748
721369585
1910214576
2141214597
30846432
1892506085
2038795656
492277325
187529881
2092150048
1749461986
16525932
1076181355
608651212
546818270
72208880
1485555654
262505666
1428077178
358759619
1612964833
27126233
854130647
573167675
776007484
1436096595
601279724
792045064
136865639
1623734199
1146694423
604111344
253544470
399551498
283365503
1009036762
1108297288
79883771
149338814
2122741416
1864407603
9822043
954481157
1633734504
1855993445
1058995794
968974628
233883551
221924325
954948029
1868801992
772437598
1767450347
754368210
861478736
74682978
1811985273
603213591
1519782553
1012203838
953786100
1123466291
1527437042
1493975184
1662777628
1942351872
718191284
824249770
1743367519
1800386924
1672099174
1082689190
1320848223
541879472
154134756
1119446010
1590367257
824223240
1822036772
1473454217
793392720
2068634708
190128144
269811773
1786757785
1467755303
530014863
712146765
795636455
1095900444
1722746668
166836075
875369794
1833491980
2128511238
1798547547
980157006
433560629
434521902
1125765228
64399610
770190747
1574317246
860252937
1272929844
251979665
1673946235
1399232830
1263330333
70893359
146639284
1358515773
2131129656
2061694495
1000767228
623216989
2117181354
2046961077
531267514
26094759
1863946267
194721251
1738819529
325051192
2115476802
1092594914
2063750024
393175738
307370565
1055107587
147590929
1132003148
1133949018
450451709
351185982
1491318371
821779919
1165342154
2127993010
1096318019
36549315
551434901
242499261
203406634
221778203
1340709923
1169779127
1542879261
709592666
1820904459
921507806
411138627
69786027
646594074
2063563928
2064889674
638617487
1700150752
1506670157
1300314801
778479045
1007041889
180207095
1174484797
1063317006
759651616
1840993445
1970559620
1960375314
1074289380
970415947
1473059547
732801720
528162391
248949774
721853142
339398212
1372828659
1508438167
361310156
1615027136
1569508854
2139494257
638584079
560488820
1702650753
37047853
261893273
61665679
1849980424
1381422863
1078658199
989445311
1209337737
517194525
343842835
1918933195
193081263
1970095113
686515447
1908692067
711507342
92425419
546741111
1358458785
367515051
898206503
1125531414
2105767242
1194480601
1444982730
3340614
687633960
1592452097
170853868
905942285
15129299
741322704
387451387
727442371
1895238541
576012151
620970183
1553950923
1212487246
642696349
1573765520
438531733
1766335310
2145003130
1475390693
1216904820
666135912
1815799810
228007021
663111673
652488633
766487462
1691264008
684832834
465519242
31514106
808677128
1515501189
1471776887
1138741504
267633745
402329161
1049624551
1200658074
3976640
436058469
1402000861
1265215911
666354161
644059497
24304562
1796232273
96485212
951953815
1266271035
383635064
1291164712
1372171605
384868805
1031324522
665533198
1868172173
850127985
785182972
879078143
206371433
1333001385
967276159
153403452
1598671162
697017478
40791700
1129790140
12870859
2083093963
578305594
309711348
1331858798
1198642419
335705276
435839456
680999684
541123155
1914760587
1790383034
1924336141
1560596213
883592660
1828417085
1436998416
1449838556
2075741766
369684763
2018108285
1347713548
1764707534
1803070838
765211020
1506292238
574969017
777592119
1239204963
543020159
557139120
235435247
47911825
1892149206
2096956336
1749545781
1015397753
533675145
1575585732
287778057
832088152
466078907
2095508751
119542845
762416673
1903653509
2042204397
1332376354
530357417
2126835851
1818414548
425831295
1762837255
1949021757
103200875
898600385
754038480
249240934
1150578501
1902117980
1615773917
847039291
1904028704
1746120164
410818182
1804808666
1874246032
872061622
1872089629
880677300
1322570241
1687248979
28965120
1856869012
697745184
2056356097
146876237
21248879
911376988
579289456
550223403
1488614630
1787394676
399958929
2082236980
848393671
1233954329
1514540525
383789238
1725149468
221774647
1120638028
1723796737
289024933
1812626446
893045335
1839490930
393359712
119022049
749331887
1832836938
333366282
2117867308
2033015650
1593664304
248180650
254633001
960475098
1613015916
758840215
1921879552
499857513
1278415133
1935919865
838608655
1268590085
1125625774
721004825
692376279
658499979
1240868432
445532632
1309111866
1615406742
494972723
1393223439
2113553036
887145046
1836121590
1928635879
633283333
846982088
1373902745
857849275
1046161087
605929961
764268645
1309358565
1153962082
37058175
70734033
1968472858
932065021
1055764746
365493751
1552720263
197157755
2000468179
607305108
1691826155
1617904423
60194433
799616374
110135299
438768573
703490407
430652284
926954138
1773471764
280197581
1259557504
1972586529
526202787
1105036423
1246106278
410282673
1763311156
322986998
961109281
1510874696
1974101623
1713558457
313802081
1104195888
1298155717
833183253
721049753
722715330
318740966
154361899
616612179
2128548832
1113909971
1270580440
2135235584
2091569211
1870669075
1450080306
1324645408
54170507
381722130
1979680792
1395549248
1092444212
546937222
694807491
1406355044
1013331630
1750357588
1117111614
1232288670
1842529521
1577372972
1012225942
211134627
392584199
127994655
302603039
1070856129
1628192273
472295221
1685766756
636653179
1121124897
274235312
478958984
1582683126
2054091481
185197722
1101689701
178285874
582386353
1106933864
1700359821
1196179998
65757940
2064557962
836814090
1973433204
26542696
1606032246
2099182447
1684175234
108256275
659316741
1462618765
1652101340
1761906594
31269164
1758030500
1893502848
1628920006
2058972785
792128226
687715475
1103338491
1932851048
470892614
784368333
1751349870
269798372
1959859986
1746209578
1049765563
1988366840
67616267
1506678452
1445860899
1329858172
55442965
1136968826
594579370
1833062599
1066228603
1438853274
163318265
364247786
489067447
674628383
1935975351
1397599083
1360323339
1046761139
1211024866
1964762918
345009165
13600753
242812541
2048077888
371486805
931269526
328933692
1435090139
1258344608
1885303935
1730913693
241884194
978955146
360494908
1651620785
1363606787
239538230
2140954740
1587831922
1676271250
182416872
381643405
1260013055
1394991313
1597922804
2035611241