1951386240
112896039
1593370432
1409023329
1753251919
1575907986
706358892
294054430
275370274
777806218
520800850
651784021
391094978
144106989
449408630
706647585
1481963581
2144512891
560681559
12006046
1970685377
450202542
2117203453
1482887763
1358346504
850700763
1206809429
1678648176
2096398011
994976870
610778557
624722495
1687896282
926509542
1616411139
1103523244
2027060477
622454844
90753554
869751630
1987330086
354878810
2084023189
619807311
1474427279
531367551
3323473
1742060178
1994072874
614973922
57041194
721123035
1070134781
1318097113
649030111
1279468620
1813401373
1086419974
1539040950
1886882862
312322177
1191350619
1932292405
54388083
733412271
241965719
1640181769
1278508515
1177009305
1763054622
2053663723
1424551773
2108986694
1572982110
885545319
116348738
1480994772
1040641847
1260687238
798842167
760627502
1285732230
202105806
1011211870
2102791044
1371278667
1092642185
1139467011
960897461
1131604990
497528787
1389572561
1920470156
1831858400
1029614119
236006723
1068979427
1765044182
440984754
1709766985